1.9998504291489958
1.9997380314304503
1.9996091741698674
1.999508508526166
1.9995006679764413
1.9993568921816436
1.999348755695386
1.9992416713598171
1.9992333436728915
1.9991242951012163
1.9991158694235145
1.9990065733683866
1.9989982231380883
1.998867596203409
1.9988597012239329
1.9987616459948643
1.9986518681158247
1.9985694995513734
1.9985379323330066
1.9985365815220333
1.998538228814133
1.9985397786234027
1.9985741515150144
1.9986556011845733
1.9987408028568545
1.9987480270021645
1.998857079588498
1.9988653498248024
1.9989770259209414
1.9991121039227997
1.9992679700289555
1.9992771397133284
1.9994048960775594
1.999413963429446
1.9995755451003179
1.9995844308576163
1.999690398820071
1.9996991803624398
1.99983898820876
1.9998476973580082
1.9999695315850854
1.9999782325023447
2.0001001189406313
2.0001088321019385
2.000257028964445
2.000265742151521
2.0003700456900706
2.000378703498094
2.0005157351173093
2.000623406361956
2.0006314794268105
2.00076202870763
2.000769227805762
2.0008564022973734
2.000862553421833
2.000947806167373
2.000995736007799
2.0009985286072394
2.001024428853893
2.0010248399238932
2.0010170321018115
2.0010154264713877
2.00097103721816
2.0009671447830337
2.0009057590009958
2.0008064685150213
2.00079953978305
2.0007033127665133
2.000564473054271
2.000555982385583
2.0004434597698753
2.0002748068590894
2.0002658673909597
2.000158467136582
2.0001495152048436
2.000033258085762
1.9999173253264817
1.9999084215099026
1.9997573286794568
1.9996070845842144
1.9995982912108825
1.9994846816517842
1.9994760093307464
1.9993392003038075
1.9992319879293985
1.999223943700697
1.9991153643130666
1.9989781934539956
1.99897205411273
1.99889995585633
1.9988950531097611
1.998822129896818
1.9987940433943652
1.9987933753431948
1.9988093854586444
1.9988115564044686
1.9988625719355082
1.9989411188008237
1.9989468207292285
1.9990625240125413
1.9990695862037131
1.9991661249198345
1.9991738698838548
1.9993024152618515
1.999310686879398
1.9994284935683022
1.9994370232627012
1.9996008063102328
1.9996094876433175
1.999740011519191
1.999748723421933
1.9999314758486757
1.999940151380416
2.000078095043276
2.000213292969732
2.000351560144403
2.000359452560214
2.0004880122023456
2.0004951888254774
2.0005962687438505
2.00071610685102
2.000763275263903
2.000800783663339
2.0008023796293277
2.0008122002409423
